   2.0000000e+00   2.9102385e-01   3.1173810e-01  -6.6874375e-01  -1.1700488e+00  -3.6771877e-01  -1.5621390e+00   1.2877848e-01  -1.1153012e+00  -1.4567647e+00  -1.6440051e-01
   2.0000000e+00   6.6163973e-01  -1.1247821e+00  -8.7365106e-01   9.4136016e-01  -5.6662628e-02   5.8291113e-02  -6.0628863e-01  -5.6805632e-01  -3.5604417e-01  -8.1685433e-01
   2.0000000e+00   1.5922139e+00  -6.7158642e-01  -1.0270929e+00   9.3310249e-01   6.1655354e-01   2.3908820e-01  -5.1147139e-01   1.7861222e-01   8.0360074e-01  -3.2765015e-01
   2.0000000e+00   5.5239347e-01  -1.5111621e+00  -1.5643218e-01  -9.4443532e-01   1.4271949e+00  -4.9636711e-01  -2.2825687e+00  -4.9600246e-01  -8.9298238e-01  -5.7163370e-01
   2.0000000e+00   5.7407515e-01   2.2037491e+00  -1.2476792e+00   6.1519871e-01  -2.9559287e-01   7.2510066e-02   8.7467966e-01   6.1062152e-02  -3.8298611e-01   4.0809971e-01
   2.0000000e+00  -3.7743992e-01   1.6598117e-01  -1.0544845e+00   1.8885975e-01   8.4772315e-01   1.9901942e-01   1.0554956e+00   9.1077148e-01   2.5851676e-01  -5.4089489e-01
   2.0000000e+00  -1.6390369e-01  -1.2228716e+00  -1.8859802e+00   2.2284635e-01  -3.7899392e-01  -4.5243386e-01  -1.0402008e+00  -1.0347075e+00  -1.0223325e+00  -6.6362434e-01
   2.0000000e+00  -4.2934302e-01  -9.2398157e-02   1.5370235e+00  -1.0699945e+00   5.8185927e-01   1.9578247e-01  -8.1161096e-01   1.6973101e-01  -1.3490078e-01   4.4413176e-01
   2.0000000e+00   3.4226022e-01  -1.2788262e+00   2.4421477e+00  -1.3426275e+00   1.5290588e-01   1.4079680e+00  -1.3969419e-01   4.2668211e-01  -3.4964445e-01   8.7869563e-01
   2.0000000e+00   2.2023572e-01   4.4528835e-01  -7.6337250e-01  -5.2655637e-01   3.0203077e-01   1.4735801e-01   9.3551769e-01  -4.0295360e-01  -1.6626116e-01   1.1059886e+00
   2.0000000e+00   3.6751313e-01   1.1183511e+00  -1.9927368e-02  -1.9094189e-01   4.2150114e-01  -6.2058734e-01  -1.0611202e+00  -4.1672436e-01   1.5644466e+00  -3.0628154e-01
   2.0000000e+00  -5.8591963e-01   2.0434551e-01  -1.6607669e-01   2.0509003e+00   3.6074767e-01   1.0977315e+00   3.4667086e-01   1.8282299e-02  -5.5069279e-01   9.4046152e-02
   2.0000000e+00   1.0038418e+00   6.6722920e-01  -2.7729838e+00  -9.6548684e-01   5.6787390e-01   1.3979510e-01  -1.3285328e+00  -1.8630299e-01  -2.7030301e-01  -1.2409637e+00
   2.0000000e+00  -4.1570379e-01  -9.9164188e-01  -1.1631538e-01  -8.3762778e-02   8.4967271e-01  -4.4374821e-02   5.3079720e-01   3.0283274e-01  -3.6959522e-01   1.1730608e+00
   2.0000000e+00  -1.1485944e-01  -7.1505133e-01  -6.7272688e-01  -1.6503637e-01   6.3235380e-01  -1.3491326e-01   1.2052160e+00   4.5057582e-01   1.1397183e+00  -7.3604268e-01
   2.0000000e+00  -3.6557498e-01  -8.3659158e-01  -1.5821076e+00   2.4912491e+00  -2.2803268e+00  -1.2590765e+00   2.0386692e-01   3.2167242e-01  -6.3451793e-01   2.3586282e+00
   2.0000000e+00   1.0873555e+00  -7.4387917e-01   7.5473810e-02  -1.5749603e+00  -8.3234036e-01  -4.2057150e-01  -9.3972672e-01  -8.4882011e-02  -1.5890152e+00   8.9357414e-01
   2.0000000e+00   2.0362599e+00   5.5544110e-01  -2.7816104e-01  -1.2941119e+00  -1.8733154e-01  -9.7294967e-01  -3.3803473e-01   5.2298263e-01   5.2851830e-01  -1.2463452e+00
   2.0000000e+00  -2.0329789e-01  -1.1857255e+00  -5.8056488e-01  -1.2149399e+00  -4.4241424e-01   7.5888030e-01  -7.2690443e-01   3.6340132e-01   1.7120319e+00  -8.6753349e-01
   2.0000000e+00   7.9388782e-01  -1.4341860e-01  -1.9044336e-01  -9.0322755e-01   4.2847329e-02   5.5015444e-01   7.8555341e-01   1.2344090e+00  -2.7640872e-01   2.8300805e-02
   2.0000000e+00   7.1100383e-01  -3.0781305e-01  -5.1377795e-01   1.2771477e+00   2.0542219e-01  -3.9465367e-01  -1.3732171e+00   1.1805022e+00   1.2740141e+00  -9.4382426e-01
   2.0000000e+00   9.2873671e-01  -9.2841563e-01  -1.0191635e+00  -1.4877565e+00  -3.7169398e-01   8.7216791e-01  -9.9729592e-02   7.4119726e-01  -1.0229816e+00  -1.1566982e+00
   1.0000000e+00  -1.2863568e-01   1.1362018e+00   5.2456209e-01  -1.3906156e+00  -4.5380035e-01  -4.9167470e-01  -6.5086368e-01  -1.3141368e-02  -1.9955336e-02  -1.9591533e-01
   2.0000000e+00  -7.5984424e-01   2.0025807e+00  -9.4430963e-02  -5.7819397e-01  -2.0568484e-01  -3.5055262e-01   1.5725728e+00   5.0983419e-01  -4.2778085e-01  -1.5086112e+00
   2.0000000e+00  -9.2330106e-01  -1.5468509e-01  -7.7057610e-01  -1.6690756e+00   3.8539937e-01   1.1525011e+00  -8.9957784e-01   1.3929486e+00  -6.3183064e-01  -4.6650612e-01
   2.0000000e+00   4.7778030e-01  -8.4734436e-01  -3.7577088e-01  -1.0303360e+00  -5.6164264e-01   7.2884931e-01   2.7236760e-01   9.9868085e-01  -1.4314906e+00  -6.5589173e-01
   2.0000000e+00   4.8505368e-01  -7.3248683e-02   9.8531738e-01  -1.9102112e+00  -1.0158092e+00  -1.4918561e+00  -7.6029953e-02  -4.2711010e-01   2.9046109e-01   4.4826595e-01
   2.0000000e+00   1.1603433e-01   3.8772828e-01   2.4297208e+00  -7.3864340e-01   6.9119301e-01  -1.6244546e+00   7.1911371e-01  -2.4801942e-01   2.3730139e+00  -1.6944678e+00
   2.0000000e+00  -1.2482627e+00   6.2926864e-01   5.4002125e-01   5.8183305e-01  -1.1903538e+00   4.8425773e-01  -6.3284988e-01   4.8248787e-01  -2.0222394e+00   6.0426984e-02
   2.0000000e+00   2.7564741e-02   3.4746520e-02  -1.2258484e+00  -3.5514912e-02   3.0864920e-02   1.1050065e+00   9.2525507e-01   1.3407294e+00  -1.0695341e+00  -6.9218812e-02
   1.0000000e+00   2.7908238e-01   5.2126136e-01   1.1911998e-01  -5.6300735e-01  -8.2496617e-01  -4.8195162e-01   2.0008658e+00   7.7449448e-01  -3.4102342e-01  -1.2467706e+00
   1.0000000e+00  -4.2654220e-01  -1.3841763e+00   1.5576803e-01   1.7262821e-01   2.6961012e-01  -6.1747725e-01   9.6891937e-01  -3.0777513e-01   6.3462983e-01   2.1566551e-01
   2.0000000e+00   8.9143342e-01  -6.3531356e-01   8.6551873e-01  -9.4097132e-01   7.8028077e-01  -1.4698175e+00   4.0559975e-01  -9.8450078e-01   5.9410697e-01  -3.3873853e-01
   1.0000000e+00   9.5416596e-01   7.1212771e-02   4.4686422e-01   8.5212464e-01   1.1858993e+00  -6.4036256e-01   1.4613784e+00   6.1642948e-01   5.7280225e-01   8.0325906e-01
   2.0000000e+00   1.3223438e-01   2.1574409e-01  -7.4473417e-01   9.1886584e-01   2.8421451e-01   3.6496577e-01   1.4582471e+00  -1.6041083e+00  -1.3507565e+00   7.6990242e-01
   2.0000000e+00  -1.2639726e+00  -1.0664604e+00  -1.0296496e+00  -2.7170369e-01   5.3458316e-01  -1.2198606e+00   7.9646418e-01  -3.3033565e-01   1.7753654e-01   2.6082951e-01
   1.0000000e+00   1.2582818e-01  -1.8018933e-01   3.9803138e-01   1.5599938e+00  -1.5240747e+00   1.0379216e+00  -5.4134052e-01  -3.5593303e-01   7.7309958e-02  -8.6141216e-02
   2.0000000e+00  -7.2158818e-01   1.4265795e+00   1.2582783e+00   9.6708482e-01  -6.0375655e-01   1.3070821e-01   9.0745577e-01  -9.3143590e-02   4.8836070e-01   4.8138734e-01
   2.0000000e+00  -1.9556052e-01   3.3840251e-01   9.3602616e-01   1.0677707e+00   8.6925956e-02   5.5828592e-01  -3.1904238e-01   5.7686871e-01  -8.8346767e-01  -7.0402119e-01
   1.0000000e+00   2.9184124e-01  -4.2195022e-01   2.7036784e-01  -8.3404442e-01  -1.6713350e-01  -1.0431411e+00  -1.8113312e+00  -7.7101414e-01  -3.8450413e-01  -1.3598175e+00
   2.0000000e+00   9.7854516e-01  -1.0216761e+00  -6.3374327e-01  -6.5351361e-01   1.8053762e+00  -2.1831003e-01  -3.6978894e-01  -7.6930264e-01  -1.3060362e+00  -2.1415636e-01
   1.0000000e+00   1.8538262e+00   1.9464534e-01   2.0293490e-02  -2.1531055e+00   5.6535884e-01  -4.0594708e-01   5.1993045e-01   8.4215740e-01  -7.5979361e-01   1.7437755e+00
   2.0000000e+00  -4.2120976e-01   1.5871460e+00   1.1252754e+00   1.6955706e+00  -9.8085610e-01   3.1149294e-01   2.2541390e-01  -6.7286697e-01  -1.0607585e+00   2.0316377e-01
   2.0000000e+00   8.0301968e-01   1.8225974e+00  -5.2401816e-02   7.8262951e-01   2.3850518e-01  -9.9186951e-01   1.4619004e+00   1.3582919e+00   1.0998885e+00   2.6360512e-01
   2.0000000e+00   2.6924437e-01   3.6740285e-01   2.0406483e+00  -5.3935546e-01  -1.1907370e+00  -1.0613144e-01  -1.3621481e+00   1.0727770e+00   6.9348337e-01   1.7357595e-01
   2.0000000e+00   8.0250671e-02   3.8199847e-01  -1.3991728e+00  -9.4920378e-02   9.5203253e-01  -1.1613404e+00  -4.9068555e-01   2.5839379e-01   5.6752737e-01  -5.9826195e-01
   2.0000000e+00  -8.4632944e-01   4.4377749e-01   3.8718451e-01  -1.1800843e+00   4.8711241e-01   1.0445463e-01   1.1447290e+00   2.5185801e+00   1.2257433e+00  -5.4414136e-01
   2.0000000e+00  -2.0378964e-01  -5.7033371e-01  -5.8244039e-01  -5.7904907e-01  -1.0859922e+00  -1.1720421e+00   4.4167334e-01  -6.4755811e-02  -6.4536382e-02   2.9699295e-02
   2.0000000e+00  -6.7972558e-01   7.6880570e-01  -2.1024301e+00  -3.9209671e-01  -4.8996589e-01   7.4673295e-01  -3.4198741e-01  -1.0821717e-02  -3.2771614e-01   1.5233536e+00
   2.0000000e+00   1.2294927e+00   1.6138581e+00  -7.2054319e-01  -1.1872324e+00   1.9667804e+00  -2.1462147e-01  -2.8680348e-01  -5.3255625e-01   1.1590693e+00   1.1132004e+00
   2.0000000e+00  -5.3661272e-01  -1.1288434e+00  -2.7787317e+00   2.1082691e-02  -1.0546595e+00  -7.1931961e-01  -2.2262141e-01   8.1086584e-01  -9.8570858e-01   2.9886411e-01
   2.0000000e+00   1.6699363e+00  -8.0075255e-02  -5.6133814e-02   3.5362774e-01   1.9559264e+00   7.0424347e-01  -7.5598838e-02   5.9978717e-01  -9.1712612e-01   3.4359351e-01
   2.0000000e+00  -6.7559150e-01   3.8650002e-01   1.1856896e+00   1.8134520e+00  -2.7481181e-01  -1.8088159e+00  -1.3043493e+00   1.8141599e+00  -1.0665291e-01   8.4446803e-01
   1.0000000e+00  -2.1703977e-01   4.1675287e-01   5.5396015e-01  -1.2754842e+00  -2.0878260e-01  -2.1383657e+00  -1.2541468e+00   1.2331767e+00  -8.4425087e-02   6.4747273e-01
   2.0000000e+00  -3.0486145e-01  -1.8206491e+00   1.1887501e+00  -1.7214005e-01   5.3592171e-01   4.5100180e-01   6.5418579e-01  -2.1480460e-01   2.3131834e-01  -2.2716274e-01
   2.0000000e+00   1.0716399e+00  -2.4555820e-01  -9.2357720e-01   4.5035655e-01   3.8226498e-01   5.1737213e-01   9.5546642e-01  -8.4057461e-01   1.0989607e+00  -9.9463651e-01
   2.0000000e+00  -8.8380110e-01  -3.8181262e-02   1.6514119e+00  -2.4550176e-01  -1.9243382e-01  -6.5479814e-01  -3.2352720e-02  -5.2698499e-02  -6.7786269e-01   1.2399023e+00
   1.0000000e+00  -1.5516293e+00   1.2730452e+00   2.4857746e-01   1.6895792e-01   1.4640518e+00  -9.1497966e-02  -8.0237439e-01   4.0590308e-01   5.5588235e-02  -7.8030160e-02
   2.0000000e+00  -2.9134053e-01   6.6983565e-01   7.4780782e-01   6.6409077e-01   1.8554714e+00   1.0134375e+00   1.1426848e+00  -4.1255902e-01  -1.3964309e+00   2.3133557e-01
   2.0000000e+00   3.4516118e-01  -9.2962299e-01   1.2145320e+00   5.2699173e-01  -2.8899192e-01  -6.5910523e-01   2.4700560e+00  -1.4247989e+00   3.8964935e-05   1.0678498e+00
   2.0000000e+00  -8.4233664e-01  -7.6612168e-01   2.2097159e-02  -2.8795179e-01   1.0018499e-01  -2.2072348e-01  -1.3266809e-01  -8.3442909e-01   9.9434213e-01  -1.2194548e-01
   1.0000000e+00   5.2631129e-01   1.7728715e+00   3.4622249e-02  -1.4048994e+00   7.6107560e-01  -1.2237745e+00   1.1430782e+00  -3.6315189e-01   1.2005058e-01   2.0091062e-01
   2.0000000e+00  -9.4376269e-01  -1.2691176e+00  -1.3396915e+00   1.6261244e+00  -6.3011623e-02  -5.6079795e-01  -1.4717619e+00  -8.5366660e-01  -2.6890185e-01   1.4105077e-01
   1.0000000e+00   1.4600269e+00  -5.6787371e-01   6.7266225e-01   1.9696604e+00  -8.0539494e-01   2.1732881e-01   1.5848052e-01   9.1412156e-01   3.9214343e-01  -6.3962858e-01
   2.0000000e+00  -1.0143802e+00  -5.2351772e-01  -6.8007032e-01   1.7574382e-01   2.7189390e-01  -9.2524608e-01   4.1276684e-01  -4.0177162e-02   1.6863175e+00   1.6593055e-01
   2.0000000e+00  -2.7033299e+00   1.1106742e-01   1.7241031e-01  -1.1344301e+00  -1.1283212e+00   3.5081125e-01  -2.5371570e+00   9.0432808e-01   9.4029502e-01  -3.0788896e-01
   1.0000000e+00   1.2156272e+00  -7.4528871e-01   6.4630543e-01  -9.2818898e-01  -1.5191479e-01   7.0147182e-01   3.0648678e-01  -8.4934661e-01   4.8536599e-01   1.5177191e+00
   2.0000000e+00   9.5376957e-02  -2.2632197e-01   8.2043733e-01   1.1824233e+00   3.0338801e-01  -5.8281061e-01   1.4528166e+00   1.5807052e-01  -2.9940171e+00  -1.9387002e+00
   2.0000000e+00  -1.0079699e+00  -1.1548286e+00  -1.4660355e+00   1.5019973e+00   1.2188801e+00   7.8728479e-01  -1.6754701e+00  -5.8508585e-01   9.1592565e-01  -1.4027228e+00
   2.0000000e+00   2.9258718e-02   3.2556010e-03  -7.8247914e-01  -1.2720618e+00   2.0136287e+00  -6.6051889e-01  -1.4595202e+00   1.1209333e+00   3.2686603e-01   6.9602066e-01
   2.0000000e+00   8.6739798e-02   1.5660625e-01   5.2471517e-01   6.3776711e-01   4.2776011e-01   7.5884750e-01   8.8194638e-01  -1.0989920e+00  -1.9720818e+00   8.7497681e-01
   2.0000000e+00  -9.8730151e-01   9.3727381e-01   7.2097449e-01  -3.2745969e-02   1.9758499e+00   8.4616875e-02  -9.4070654e-01   7.8218733e-02  -8.4989093e-01   3.8352053e-01
   2.0000000e+00  -1.8002308e-02   2.0472498e-01  -6.7360164e-01  -1.0440378e+00  -1.7320920e-01   1.2515469e+00   5.2583281e-01  -2.8311573e-01   3.2411399e-01  -4.7491352e-01
   2.0000000e+00   9.6722556e-01  -2.7398806e-01   1.3173836e+00   2.0323337e+00  -3.2023950e-01  -6.4468191e-01   1.1277356e-01  -7.4075086e-01   1.3421160e+00   7.1059737e-01
   2.0000000e+00  -1.1128491e+00   1.0974617e+00   1.7288817e+00  -1.3939781e+00   5.3578785e-01   1.5785602e-01  -5.4333861e-01  -7.0061356e-01   1.3622533e+00  -1.0942875e+00
   2.0000000e+00  -1.6593968e-01   6.3286761e-01  -2.1242135e-01  -2.0291148e-01  -8.3426377e-01  -1.5832296e+00   2.7138343e-01   3.8027500e-01   9.5446395e-01  -4.8865117e-01
   2.0000000e+00   2.1384111e-01   6.5284493e-01   9.2356997e-01  -1.4016399e+00  -2.8489882e-01  -1.0995380e+00   4.2683530e-01   1.2220222e+00   1.7773001e+00   6.2888862e-03
   1.0000000e+00   1.7410177e+00  -9.1143164e-01   3.3310196e-01   1.2173812e+00  -7.7019458e-02   1.7248584e+00  -9.7465168e-01  -1.3544130e+00  -6.9177119e-01  -2.2433078e-02
   2.0000000e+00  -1.3255644e+00   1.0259812e+00  -8.3771133e-01  -1.0417163e-01   6.6359563e-01   2.8674995e-01   8.5760223e-01  -1.3358252e+00   2.3078157e-01   2.1332267e+00
   2.0000000e+00   6.0544214e-01   6.7821862e-01  -1.5833009e+00  -4.7200312e-01   4.0382073e-01  -5.7509051e-01   1.2360589e+00   9.3996484e-01  -2.3473911e-01   5.4741725e-01
   2.0000000e+00  -9.5445206e-01  -1.7879162e-01  -2.9311954e-01  -5.4694305e-01   1.0431426e+00  -1.2819872e+00  -5.7605878e-02  -7.3449429e-01  -7.3694128e-01   9.4677031e-03
   2.0000000e+00  -4.4289992e-01   5.0052063e-01  -8.1198554e-01  -1.6942553e+00   3.6477347e-01  -6.8128754e-01  -6.4072464e-01   3.2797724e-01  -1.7202528e+00  -1.2829274e+00
   2.0000000e+00   2.2472302e-01  -4.6815758e-01  -1.0169729e+00   1.1990309e-01   1.0154290e-01   9.7763321e-01  -1.3786156e+00   7.3591650e-01  -1.6277559e+00   1.1457288e-01
   2.0000000e+00   4.6852912e-02   5.8290087e-01  -7.7839543e-01   8.3718557e-01  -3.9861993e-01   4.4407065e-02  -1.5915729e+00   1.0733994e+00   6.1759274e-01  -2.6956264e-01
   2.0000000e+00  -5.2589450e-01  -7.3654777e-01  -3.5498864e-01   5.0394960e-01  -3.6690016e-01   1.2331890e-01  -4.1122484e-02  -1.1424735e+00  -4.7047129e-01  -3.0314392e+00
   2.0000000e+00   6.1195083e-02   9.9948742e-01   6.5383369e-01  -1.7479362e+00   7.7552717e-01   1.8283641e+00   2.0338605e-01  -8.7102630e-01  -1.4690378e+00   1.0681578e+00
   2.0000000e+00  -7.0672158e-01   1.0889864e+00  -3.1692949e-01  -5.0741692e-01  -4.2064540e-01  -2.2479410e+00   1.0247100e+00   8.6718044e-01   5.9753820e-01   2.8816933e-01
   1.0000000e+00  -8.3727564e-01  -1.3064849e+00   3.7262005e-01   1.0485028e-01   1.0961645e+00  -5.9229501e-02  -1.3334356e+00   9.5089828e-01   6.2239765e-01   1.7996514e+00
   2.0000000e+00   9.2695403e-01  -3.8322997e-01   1.3276337e-02   3.1377939e+00  -3.7666300e-01   2.8071806e-02  -4.8766752e-02   1.9246164e-01   1.0463420e+00   1.9991737e-03
   1.0000000e+00  -1.4706853e-01  -3.6395968e-01   4.3258934e-01  -3.5313293e-01   3.1347048e-01   1.6314505e+00  -1.1001320e+00   2.5087388e-01   2.3191431e-01  -1.0810355e+00
   2.0000000e+00   3.5207714e-01   6.1489252e-01  -9.9440133e-01   1.2387811e+00   2.1111255e-02  -1.6166537e+00   1.0980753e+00   7.7040971e-01   2.9586514e+00   1.0579873e+00
   1.0000000e+00   4.5260024e-01   2.5703688e-01   3.2262243e-01  -1.0348104e+00   5.5750734e-01  -7.5991085e-03  -2.8930909e-01  -1.3222756e+00  -7.1146572e-01  -3.1022552e-01
   1.0000000e+00  -2.3320605e-01   8.8269768e-01   3.2123237e-01   2.0932574e-01  -1.5000402e+00   9.5582332e-01  -9.4716219e-01   9.1606892e-01  -3.0557221e-01  -1.4315600e-01
   2.0000000e+00   1.7573762e+00  -1.9888467e+00  -1.0601673e+00   1.6925636e-01   2.8864049e-01  -2.8341704e+00   5.6686909e-02   1.0221667e+00  -5.0564573e-01   9.4873222e-01
   2.0000000e+00   3.3460472e-01   1.7301645e+00   2.4177279e+00   1.7928661e+00   1.1905714e+00  -5.0899000e-01   9.8477133e-01   1.0173397e-01  -1.3792223e-02  -5.0278987e-01
   2.0000000e+00   9.0136827e-01   2.0063845e-01  -7.8938778e-01  -1.5468535e+00  -5.4729211e-01   1.3531049e-01   3.0978216e-01  -7.3048375e-01  -1.5643834e+00  -6.6779234e-01
   2.0000000e+00  -1.4573858e+00  -6.7046851e-01   9.1452405e-01  -9.5527640e-01  -5.1149199e-01   9.6590372e-01  -2.6924842e-01  -1.8122278e+00  -3.1994842e-01   3.1476415e-01
   1.0000000e+00   1.3210788e+00  -1.8515192e-01   1.1829827e-01   4.4943370e-01  -7.4960804e-03   1.4159535e-01   1.4391974e-01  -8.8337419e-02   8.6249212e-01   5.5146856e-01
   2.0000000e+00  -4.5817296e-01  -4.3524912e-01   1.1784386e+00   2.4523930e-01   4.6161655e-01   3.4021874e-01   5.1943998e-01   4.9658066e-01  -1.5896763e+00   5.9432454e-01
   1.0000000e+00   3.8820835e-01   1.0642203e-01   2.7482594e-01   1.0652231e-01   4.5654776e-01   2.4902574e+00  -1.3880056e+00  -5.5842882e-01  -2.6835347e-01  -1.0375980e-02
